0
0
0
0
0
111
111
111
111
111
111
111
111
111
111
111
111
111
111
111
111
111
111
111
111
111
111
111
111
111
111
0
0
0
0
0
111
231
231
231
231
231
231
231
231
231
231
231
231
231
231
231
231
231
231
231
231
231
231
231
231
231
231
111
0
0
0
0
121
231
ad7
ad7
52
52
ae8
be8
52
63
bf9
cf9
63
74
cfa
dfa
174
185
dfb
dfb
285
295
dfc
dfc
ac9
796
231
121
0
0
0
0
121
231
ad7
ad7
52
52
ae8
be8
52
63
bf9
cf9
63
74
cfa
dfa
174
185
dfb
dfb
285
295
dfc
dfc
ac9
796
231
121
0
0
0
0
121
231
472
482
52
52
583
593
52
63
694
6a4
63
74
7a5
7a5
174
185
8b6
8b6
285
295
9c7
ac8
796
463
231
121
0
0
0
0
111
231
472
472
52
52
583
583
63
63
694
694
63
74
7a5
7a5
174
185
8b6
8b6
285
295
9c7
ac8
796
463
231
121
0
0
0
0
121
231
472
472
7a6
7b6
9c6
9c7
8b7
8c7
ad7
ad8
8c8
8c8
ad8
bd9
9d8
9d9
be9
cea
ad9
ada
4a6
7a8
586
152
231
121
0
0
0
0
121
231
472
472
ad8
ad8
ae8
be8
be9
be9
bf9
cf9
cfa
cfa
cfa
dfa
dfa
dfb
dfb
dfb
dfb
dfc
296
5a8
476
42
231
121
0
0
0
0
121
231
352
352
695
795
795
795
be9
be9
bf9
cf9
cf9
cfa
cfa
cfa
dfa
dfb
8c8
ad9
9c9
7a7
264
475
354
142
231
121
0
0
0
0
110
231
231
231
231
231
231
231
be9
be9
cf9
cf9
cf9
cfa
cfa
dfa
dfa
dfb
185
597
476
42
231
231
231
231
231
110
0
0
0
0
0
0
0
0
121
231
353
453
be9
be9
ae8
be8
be8
be9
be9
ce9
dfa
dfb
496
6a8
376
153
242
231
231
121
0
0
0
0
0
0
0
0
0
0
111
231
be8
be8
be9
be9
694
694
694
6a4
7a5
7a5
dfa
dfb
dfb
dfb
285
5a7
476
42
231
121
0
0
0
0
0
0
0
0
0
0
121
231
ae8
be8
be9
be9
694
694
694
6a5
7a5
7a5
dfa
dfb
dfb
dfb
285
5a7
476
42
231
121
0
0
0
121
121
121
121
121
121
121
231
231
583
583
583
694
bf9
cf9
cf9
cfa
cfa
dfa
7a5
7b5
dfb
dfb
285
5a7
476
42
231
121
0
0
111
231
231
231
231
231
231
231
231
231
583
583
583
694
bf9
cf9
cf9
cfa
cfa
dfa
7a5
7b5
dfb
dfb
285
5a7
476
42
231
121
0
0
121
231
9c6
9c6
9c7
9c7
ad7
ad7
ad8
ad8
ae8
be8
583
594
bf9
cf9
694
6a5
7a5
7a5
174
185
8b6
8b6
285
5a7
476
42
231
121
0
0
121
231
9c6
9c6
9c7
9c7
ad7
ad7
ad7
ad8
be8
be8
583
594
bf9
cf9
694
6a5
7a5
7a5
174
185
8b6
8b6
285
5a7
476
42
231
121
0
0
111
231
231
231
231
231
231
231
231
231
52
52
583
594
694
694
63
74
174
174
174
184
8b6
8b6
285
5a7
476
42
231
121
0
0
0
121
121
121
121
121
121
121
231
231
52
52
583
594
694
694
63
74
174
174
174
185
8b6
8b6
285
5a7
476
42
231
111
0
0
0
0
0
0
0
0
0
0
111
231
52
52
583
694
694
694
694
6a5
7a5
7a5
7a5
7b6
185
285
285
5a7
476
42
231
111
0
0
0
0
0
0
0
0
0
0
111
231
52
52
583
594
694
694
694
6a5
7a5
7a5
7a5
7b5
185
285
285
5a7
475
42
231
121
0
0
0
0
0
0
0
0
0
0
121
231
231
232
163
163
173
173
174
174
274
284
285
285
185
497
376
153
242
231
231
121
0
0
0
0
0
0
110
231
231
231
231
231
231
231
52
63
63
63
63
74
174
174
174
185
185
597
476
42
231
231
231
231
231
110
0
0
0
0
121
231
685
695
142
141
142
142
52
63
63
63
63
74
174
174
174
185
185
396
385
174
264
475
354
142
231
121
0
0
0
0
121
231
ad7
ad7
52
52
52
52
52
63
63
63
63
74
174
174
174
185
185
285
285
295
296
5a8
476
42
231
121
0
0
0
0
121
231
8b5
8b6
52
52
162
262
52
63
273
273
63
74
284
384
174
185
495
495
285
295
4a6
7b8
586
152
231
121
0
0
0
0
121
231
472
472
42
52
583
583
52
63
694
694
63
74
7a5
7a5
174
185
8b6
8b6
285
295
9c7
ac8
796
463
231
121
0
0
0
0
121
231
472
472
52
52
583
583
52
63
694
694
63
74
7a5
7a5
174
185
8b6
8b6
285
286
9c7
ac8
796
463
231
121
0
0
0
0
121
231
472
472
52
52
583
583
52
63
694
694
63
74
7a5
7a5
174
185
8b6
8b6
285
295
9c7
ac8
796
463
231
121
0
0
0
0
121
231
472
472
52
52
583
583
52
63
694
694
63
74
7a5
7a5
174
185
8b6
8b6
285
295
9c7
ac8
796
463
231
121
0
0
0
0
111
231
231
231
231
231
231
231
231
231
231
231
231
231
231
231
231
231
231
231
231
231
231
231
231
231
231
111
0
0
0
0
0
111
111
111
111
111
111
111
111
111
111
111
111
111
111
111
111
111
111
111
111
111
111
111
111
111
111
0